105
3375
2726
3201
3346
2419
3339
3284
3348
2841
3303
3237
2312
3329
2047
2318
2076
2069
1391
1032
2716
2127
970
3311
3310
2287
2183
700
3305
3295
3270
3296
3257
3299
961
953
935
883
882
874
803
620
362
352
232
1737
1718
1705
1675
1671
1661
1642
1597
1587
1563
1562
1507
1490
1489
1454
1453
1320
1286
1260
1259
1186
1181
1139
1097
972
3198
3179
3162
3142
2905
2858
2729
2505
2344
2341
2328
2303
2293
2290
2159
2110
2005
1975
1834
1818
1807
1806
1801
1799
1751
3202
3293
3008
3121
3178
3147
3279
3196
3280
1831
3275
3130
3157
3239
2778
2777
2610
3173
2556
3231
3192
3246
3248
3247
2794
2386
3235
3236
2816
2760
2586
1506
3176
3169
3204
3183
3181
3177
3167
1449
2499
1686
2972
2765
1835
3115
3127
2959
3122
3123
3101
3093
2969
2593
2484
2148
2103
2044
1915
1584
856
597
2935
2931
2928
2751
2724
2502
2384
2257
2123
1558
1339
706
277
2748
213
2930
2813
3016
1663
2885
3025
3027
3024
3012
2975
3007
2993
2854
73
2984
2982
2941
2696
2962
2949
2947
2943
2933
2873
2267
2906
2333
2753
2552
2337
2754
2810
2903
2830
2867
2859
2846
2836
2848
2844
2842
2845
2820
2573
2750
1217
2156
1845
2477
2529
677
2783
2782
2767
2779
2766
2732
2690
2281
1745
413
133
2723
2636
2611
2609
2591
2518
2457
2428
2402
2217
2082
1812
1736
1455
977
908
418
399
372
116
74
2532
2741
2235
2201
2508
2615
1772
1880
2523
2456
2040
1805
2703
2713
2707
2683
2671
2647
2441
2663
2651
2634
1908
2574
2644
2605
2606
2627
2490
2612
2225
2601
2598
2162
1285
2102
2572
2555
2569
2562
2553
2554
1853
2536
2497
1683
2501
1947
1983
2485
684
2467
1502
1103
2448
2343
2049
1924
1958
2410
1495
2101
1798
673
634
1438
2394
2432
2283
1744
2219
2035
1876
2317
2418
2412
2393
1891
2401
1901
1907
1909
1919
1921
1922
1923
1927
1942
1943
1945
1954
1955
1900
1877
1794
2181
2177
2168
2161
2160
2157
2154
2151
2142
2138
2122
2118
2116
2115
2104
2079
2075
2046
2028
2022
1988
1984
1981
1978
1972
2388
2369
2365
2362
2349
2332
2308
2306
2301
2300
2299
2295
2286
2274
2264
2243
2239
2237
2229
2224
2218
2212
2204
2194
2182
2258
2238
2220
2197
2099
2088
2001
1628
1619
1460
1348
554
2331
2307
2149
2140
2020
1991
1951
1929
1892
1866
1679
1667
1574
1443
851
709
674
401
246
2206
2045
1895
1890
2304
2376
2360
2358
1855
1854
1936
1543
2266
2284
1971
1932
1898
2098
2185
2188
2120
2193
2196
2041
2034
1881
1851
625
1906
1864
1833
1869
2137
2113
480
1884
2033
2019
839
1962
1023
1849
1693
1690
1689
1570
1567
1499
1477
1164
353
249
247
233
180
157
155
138
1779
1767
1765
1764
1761
1713
1712
1697
1676
1504
1503
1492
1469
1461
1458
1417
1353
1351
1296
1262
1258
1256
1254
1248
1656
1638
1636
1624
1623
1615
1614
1613
1605
1604
1601
1600
1596
1589
1579
1577
1565
1557
1548
1547
1532
1529
1522
1457
1432
1428
1415
1403
1398
1393
1379
1376
1370
1360
1359
1358
1345
1317
1312
1311
1303
1290
1264
1233
1231
1223
1222
1220
1218
1208
1206
1204
1193
1188
1173
1167
1160
1156
1145
1144
1135
1133
743
715
693
1790
1129
1100
1099
1098
1096
1095
1087
1085
1083
1080
1077
1076
1074
1061
1060
1058
1056
1051
1042
1030
1029
1025
1016
1013
1006
1005
1001
999
995
994
993
991
987
985
982
968
954
949
939
936
934
925
917
911
910
893
892
885
877
876
869
868
860
857
821
820
815
814
810
808
804
798
796
755
754
749
746
745
722
710
691
688
792
789
787
786
785
784
775
773
768
767
738
737
735
733
730
671
650
639
636
629
628
612
611
610
605
602
600
598
595
594
593
591
590
562
557
553
552
551
543
542
541
540
530
526
523
519
517
512
508
507
506
505
497
495
488
486
482
479
478
470
469
457
443
437
433
430
424
422
421
420
419
417
414
360
579
578
577
576
573
564
560
547
544
536
535
410
409
407
405
403
402
400
393
392
385
384
381
380
379
378
377
373
361
357
349
345
343
337
335
331
325
324
322
321
320
319
315
309
293
286
279
253
1786
1770
1706
1362
1113
326
264
239
238
229
217
209
203
174
156
136
135
99
96
85
84
83
78
77
1598
1531
1481
1385
1314
1235
1203
1194
1192
1138
1079
1019
976
835
642
630
346
228
55
1777
1768
1704
1659
1622
1599
1590
1571
1559
1533
1482
1430
1420
1416
1330
1323
1322
1301
1300
1250
1212
1205
1178
1166
1115
1111
1107
1106
1093
1092
1065
1047
1034
1033
1027
1020
1000
984
983
981
948
947
944
942
938
848
844
841
837
827
826
793
762
747
729
725
713
708
698
656
655
619
618
606
603
592
571
514
487
476
472
438
428
427
416
415
367
311
258
257
242
235
230
202
198
194
111
108
101
98
1841
1814
1746
1875
1874
1873
1872
1871
1870
1505
1836
1185
1842
1837
1829
1832
1321
1401
1796
1797
652
701
1729
1769
1484
1782
305
188
1771
1648
1277
904
1
6
7
8
17
21
24
28
37
44
49
50
51
53
56
57
70
69
68
66
65
64
61
142
139
137
134
131
130
128
127
126
125
124
123
121
118
117
113
110
109
104
103
97
95
94
93
75
176
175
171
170
169
168
167
166
165
164
163
162
160
159
158
154
153
151
150
149
147
146
145
144
143
243
241
240
234
224
223
222
221
220
219
218
215
214
211
208
207
206
204
192
189
185
181
179
178
177
291
289
288
285
284
283
282
281
272
271
270
269
268
267
266
265
263
262
260
255
252
251
248
245
244
862
861
858
852
828
694
680
675
672
641
596
582
559
524
516
510
460
449
446
434
316
306
295
292
1278
1271
1270
1201
1172
1152
1150
1148
1119
1116
1112
1102
1091
1088
1084
1052
1041
1040
989
918
887
880
875
873
871
1738
1710
1708
1703
1701
1692
1691
1688
1673
1655
1651
1646
1592
1536
1437
1399
1378
1371
1344
1302
1281
1280
1279
599
1735
275
870
978
227
707
1372
1366
1146
649
623
1117
1075
1090
1049
1055
1022
997
1015
998
921
886
913
847
891
879
645
864
863
853
846
751
794
765
791
780
644
782
770
771
769
766
633
643
753
752
740
664
259
719
703
704
648
679
676
290
640
654
635
637
622
76
613
205
237
100
408
632
371
369
589
585
575
549
280
183
522
531
528
515
498
496
520
494
518
493
492
82
453
79
452
294
471
468
350
404
436
226
450
451
447
376
423
327
397
391
390
389
383
216
212
375
366
370
368
374
365
364
363
359
338
354
348
351
80
342
341
339
332
329
334
333
296
278
330
328
129
317
302
312
313
106
