3345
3361
3354
3359
3278
3358
3353
3357
3289
3350
3297
2824
3343
3355
3334
2241
3338
3340
3337
3317
2530
3321
2587
2737
3326
3276
3262
3298
3328
3327
3324
3266
3323
2483
2712
3226
3230
3304
3301
2522
3217
3098
3294
3291
3290
3185
3254
3218
3292
3286
3264
3219
3182
3277
3269
3273
3263
3271
2937
3267
3261
3260
3259
3258
3265
3224
3045
3163
3255
3252
3240
3244
3153
3238
3216
3229
3234
3225
3221
2174
2213
2008
3203
3215
3214
3212
3211
3207
3205
3208
3209
3210
3193
3188
3200
3184
3190
3165
3146
3119
3117
3114
3113
3112
3110
3108
3107
3106
3105
3104
3103
3084
3064
2891
2883
2850
2822
2809
2808
2806
2803
2798
2774
2770
2755
2731
2730
2661
2660
2635
2618
2570
2524
2515
2506
2494
2447
2436
2408
3186
3164
3161
3172
3160
3166
2464
3078
3145
3158
3155
3138
3154
3088
3141
3149
3150
3151
3152
2889
3131
3116
2890
3144
3134
2865
3135
3139
3136
3111
3060
3129
2825
2922
3010
2925
1425
3081
2744
2664
2669
2695
1930
3087
3085
3082
2269
2926
2987
3029
3044
3077
3053
3040
3048
3037
3074
3076
3072
3047
3071
3070
3068
3066
3067
3063
3065
3058
3059
3057
2180
3052
3039
3041
2495
3011
3022
2557
3003
3046
3042
2896
3036
2366
3030
3033
3028
3032
3014
2965
3013
3021
3002
3019
2466
3015
2995
2968
2399
2426
2443
2178
2439
2526
2525
1974
1905
1904
1899
1860
1859
1850
1813
1815
1808
1756
1621
1447
1355
1354
1242
1402
1568
1858
2146
1973
2126
2111
2325
2347
2348
2353
2375
2380
2357
2404
2433
2438
2488
2630
2629
2752
3006
3004
2990
2996
2277
2994
3001
2983
3000
2989
2682
2964
2991
2986
2981
2985
2681
2958
2897
2974
2944
2970
2973
2904
2979
2775
2872
1760
2977
2953
2912
2881
2492
2952
2957
2956
2216
2294
2880
2919
2951
2320
2143
1792
1902
1824
1784
2934
2860
2940
2807
2917
2882
2884
2886
2558
2133
2914
2223
2121
2927
2923
2910
2276
2920
2916
2915
2788
2932
2924
2893
2576
2805
2620
2397
2381
2641
2823
2899
2796
1843
2862
2875
2762
2780
2874
1283
2838
2812
2876
2675
2680
2837
2871
2856
2745
2853
2852
2835
2839
2847
2843
2613
2826
2833
2832
2736
2763
2733
2676
2653
2821
2674
2819
2735
2797
2677
2631
2795
2771
2577
2811
2792
2757
2728
2773
2785
2769
2563
2764
2090
2739
2740
2759
2758
2658
2316
2738
2107
2656
2678
2236
2727
2165
2129
2721
2550
2668
2717
2708
2702
2710
2673
2463
2706
2704
2691
2699
2672
2614
2650
2626
2568
2632
2648
2395
2662
1406
2649
2582
2599
2645
2655
2604
2633
2617
2597
2596
2579
2315
2136
2254
2145
2215
2233
2179
2173
2135
2619
2616
2608
2623
2531
2595
2602
2131
2511
2510
2584
2581
2583
2578
2549
2571
2544
2559
2255
2534
2520
2539
2535
2512
2504
2517
2521
2519
2514
2513
2164
2091
2055
2003
1999
1956
1953
2509
2468
2134
2440
2500
2482
1723
1583
1725
1739
1727
1620
1749
1758
1752
1783
1827
1830
1838
1839
1848
1753
2207
2007
2370
2487
2359
2462
2469
2480
2479
2473
2472
2471
2470
2465
2459
2396
2452
2374
2445
2074
2430
2435
2444
2442
2425
2434
2292
2429
2427
2228
2296
2422
2406
2423
2415
2377
2417
2411
2398
2051
1986
2230
2382
1309
2391
2390
2387
2379
1933
2029
2334
2373
2371
2282
2310
2285
1993
2364
2065
2053
2345
2355
2351
2350
1995
2012
2042
2071
2109
2124
2152
2184
2198
2247
2354
2309
2342
2339
2352
2108
2265
2009
2319
2291
2323
2321
2322
2298
2314
2141
2150
2240
2203
2280
2297
1840
2302
2272
2054
2119
2163
2199
2231
2279
2222
2278
2202
2242
2226
2268
2077
2105
2260
2084
2232
2072
2006
2195
2205
2176
2036
2095
2087
2170
2167
2004
2031
2080
2070
2043
2200
2190
2027
2048
2064
1630
2191
1939
1963
2172
1886
1586
2144
2128
2067
2066
2078
2100
2061
2058
2032
1996
1994
1889
1793
2147
1508
1476
2125
2094
2130
2093
1948
1857
1775
1804
1809
1811
1817
1913
1575
1151
1267
2092
2081
2060
2000
1989
2038
2024
1566
2063
1637
2062
2025
2026
1632
2010
2021
2018
2023
2013
1968
1987
1997
1980
1976
1959
1982
1916
1934
1935
1970
1965
1957
1952
1938
1917
1946
1931
1925
1914
1478
1500
1289
1251
1352
1347
1350
1349
1227
1244
1313
1310
1887
1754
1868
1861
1856
1802
1820
1846
1844
1847
1781
1785
1780
1714
1776
1677
1696
1665
1699
1707
1715
1716
1742
1726
1183
1440
1757
1759
1266
1733
1724
1668
1709
1650
1662
1721
1719
1720
1717
1666
1700
1711
1702
1680
1672
1694
1664
1612
1641
1652
1657
1635
1660
1658
1473
1474
1380
1639
1530
1640
1633
1631
1629
1377
1509
1442
1466
1616
1618
1617
1593
1381
1332
1405
1404
1427
1435
1472
1464
1475
1470
1446
1602
1609
1356
1261
822
816
812
1450
1585
1582
1573
1496
1564
1497
1534
1560
1561
1550
1527
1367
1498
1479
1494
1215
1487
1459
1424
1338
1414
1337
1456
1445
1294
1284
1422
1382
1411
1375
1369
1383
1388
1374
1361
1363
1198
1043
1346
1298
1340
1305
1333
1230
1335
1241
1336
1334
1293
1288
1324
1292
1297
1306
1304
1299
1287
1157
967
1009
1273
1268
1274
1236
1265
1257
1224
1238
1109
1252
1253
1240
1237
1158
1175
1249
1247
1245
1234
1207
1246
1243
1239
1228
1226
1229
1221
1216
1210
1225
1213
1141
1195
1190
1197
1200
1155
1189
1191
1187
1171
1179
1123
1182
1184
1170
1174
1162
1143
1169
1159
1149
1165
1131
1163
1125
1154
1153
1121
1142
1118
1136
412
1039
974
1140
1128
1134
1130
1127
1126
1122
1110
1101
1086
1094
1053
1089
1024
996
1078
705
801
665
1010
1026
1073
1059
1057
1045
1044
1035
1028
950
1021
1014
1007
971
941
940
931
988
1008
986
979
975
943
926
959
962
955
919
958
957
956
907
945
951
946
952
923
930
927
915
914
903
912
902
900
899
901
898
894
881
878
855
833
825
832
818
809
807
806
799
800
783
774
772
761
764
757
756
445
717
744
736
739
734
731
723
718
695
714
690
697
689
669
683
681
682
678
662
657
668
667
663
659
638
586
587
584
580
574
572
567
565
555
550
504
548
545
539
532
538
537
527
529
525
490
483
511
502
501
500
499
489
491
485
461
459
467
463
464
455
466
465
458
454
448
254
323
336
347
395
394
396
442
441
440
435
432
236
386
406
411
398
382
387
273
356
340
314
276
274
261
196
161
152
140
141
58
54
52
48
47
46
45
43
42
41
40
39
38
32
36
35
34
33
31
30
29
25
19
27
26
23
22
20
18
16
15
14
13
12
11
10
9
5
4
3
2
3374
3372
3376
3373
3366
3380
3322
3399
3360
3392
3367
3356
3393
3388
3387
3391
3390
3389
3386
2259
3379
3335
