13
12
11
12
14
13
14
12
10
12
12
12
12
13
12
12
12
13
9
10
13
14
14
13
12
12
12
14
13
13
12
12
14
11
13
13
14
13
14
13
14
14
14
14
13
13
12
13
12
12
12
12
12
13
13
12
12
12
12
13
12
12
14
12
11
11
12
12
12
12
14
13
13
10
11
10
9
11
10
11
11
13
13
11
13
10
10
12
12
10
9
12
13
12
12
10
13
12
13
12
14
12
13
13
14
12
11
11
11
12
13
12
14
12
14
14
13
14
14
12
13
12
12
14
12
12
13
13
12
12
14
10
12
13
12
12
11
12
12
11
13
13
12
12
13
10
10
12
9
10
10
11
11
11
9
10
11
10
12
11
13
10
12
12
10
11
11
11
11
11
10
10
12
12
10
14
14
10
11
9
13
11
11
9
10
10
9
10
11
11
10
9
10
11
10
11
9
11
11
11
14
11
10
11
11
11
11
10
11
13
12
11
11
10
11
11
13
11
12
10
10
11
10
10
12
11
9
11
10
10
12
13
14
9
10
10
11
11
11
10
11
13
12
12
11
11
12
12
12
12
12
12
12
12
10
14
13
11
12
13
12
10
10
11
12
12
11
12
13
12
12
12
12
12
12
12
12
13
13
14
12
14
12
11
9
10
12
11